53,4
48,4
4294967279,460
4294967278,359
4294967278,373
4294967278,381
4294967278,380
4294967278,378
4294967278,377
4294967278,34
4294967278,33
4294967278,28
4294967278,23
4294967278,21
4294967278,16
4294967278,14
4294967278,13
4294967278,12
4294967278,9
4294967278,7
4294967278,6
4294967278,4
4294967279,129
4294967279,119
4294967279,111
4294967279,110
4294967279,174
4294967279,100
4294967279,99
4294967279,94
4294967279,92
4294967279,91
4294967279,90
4294967279,89
4294967279,86
4294967279,85
4294967279,84
4294967279,83
4294967279,438
4294967279,80
4294967279,79
4294967279,76
4294967279,74
4294967279,73
4294967279,71
4294967279,70
4294967279,65
4294967279,63
4294967279,61
4294967279,60
4294967279,58
4294967279,57
4294967279,56
4294967279,55
4294967279,436
4294967279,52
4294967279,51
4294967279,435
4294967279,434
4294967279,44
4294967279,39
4294967279,34
4294967279,33
4294967279,23
4294967278,26
4294967279,25
4294967279,278
4294967279,459
4294967279,24
4294967278,20
4294967278,284
4294967279,20
4294967278,271
4294967278,269
4294967279,289
4294967279,15
4294967279,430
4294967278,11
4294967278,371
4294967278,399
4294967279,417
4294967278,8
4294967279,285
4294967278,281
4294967279,131
4294967278,372
4294967279,130
4294967279,128
4294967279,126
4294967279,255
126,6
126,5
126,4
4294967278,253
126,3
126,2
126,1
4294967278,251
4294967279,458
4294967279,121
4294967278,244
4294967294,482
4294967278,240
4294967279,115
4294967278,234
4294967279,237
4294967279,109
4294967278,232
4294967279,229
4294967279,107
4294967279,106
4294967279,223
4294967279,104
123,6
123,5
123,4
123,3
123,2
123,1
4294967279,97
4294967279,87
4294967279,96
4294967279,95
4294967279,93
4294967278,201
4294967278,398
4294967279,82
4294967279,81
120,7
4294967279,69
4294967279,78
4294967279,77
4294967279,399
4294967278,188
4294967279,75
4294967279,72
4294967278,184
120,6
120,5
120,4
120,3
120,2
120,1
4294967279,68
4294967279,59
4294967279,67
4294967279,457
4294967279,66
4294967278,178
4294967294,395
4294967294,413
4294967294,407
4294967294,1243
4294967294,179
4294967294,384
4294967294,1078
4294967294,411
4294967294,168
4294967294,425
4294967294,403
4294967294,420
4294967294,402
4294967279,64
4294967279,62
4294967279,239
4294967279,420
4294967278,167
4294967279,54
4294967279,53
4294967278,163
117,7
4294967279,50
4294967279,49
4294967278,397
4294967279,299
117,6
117,5
117,4
117,3
117,2
117,1
4294967278,150
4294967278,36
4294967278,137
4294967279,431
4294967278,24
4294967278,25
4294967278,327
4294967279,137
114,5
4294967279,21
4294967278,135
4294967279,135
4294967278,134
114,4
114,3
114,2
114,1
4294967278,19
4294967278,10
4294967278,396
4294967278,18
4294967279,273
4294967278,17
4294967278,15
4294967278,282
4294967279,287
4294967278,280
113,5
4294967279,267
113,4
113,3
113,2
113,1
4294967278,279
4294967279,415
4294967279,262
4294967278,258
4294967278,5
111,6
4294967279,132
4294967278,322
111,5
4294967279,127
111,4
4294967279,412
111,3
111,2
111,1
4294967294,481
4294967279,124
4294967278,315
4294967279,125
4294967278,254
110,5
4294967279,250
110,4
110,3
110,2
110,1
4294967279,249
4294967279,248
4294967279,246
4294967279,117
4294967279,242
4294967279,243
4294967279,118
4294967278,241
4294967279,116
4294967279,114
4294967278,236
109,5
4294967279,235
109,4
109,3
109,2
109,1
4294967294,1
4294967294,480
4294967278,228
4294967278,222
4294967279,108
4294967279,227
4294967278,223
108,5
4294967279,103
4294967279,105
108,4
108,3
108,2
108,1
4294967279,217
4294967294,164
4294967294,111
4294967294,467
4294967294,466
4294967279,102
4294967279,101
4294967278,370
107,4
107,3
107,2
107,1
4294967278,369
4294967279,98
4294967278,311
4294967279,316
4294967279,456
4294967278,364
4294967278,368
4294967279,427
4294967294,390
4294967278,197
4294967294,175
4294967294,160
4294967294,104
4294967294,106
4294967294,166
4294967294,24
4294967294,189
4294967294,30
4294967294,1237
4294967294,1236
4294967294,1234
4294967294,1233
4294967294,1228
4294967294,1217
4294967294,1062
4294967294,1060
4294967294,1059
4294967294,1058
4294967294,1057
4294967294,60
4294967294,12
4294967294,18
4294967294,127
4294967294,14
4294967294,126
4294967294,20
4294967294,13
4294967278,196
4294967278,195
4294967278,194
4294967278,193
4294967278,192
4294967294,1156
4294967294,1155
4294967294,1154
4294967294,1153
4294967294,1152
4294967294,1085
4294967294,1084
4294967294,1082
4294967294,1081
4294967294,1080
4294967294,1079
4294967294,1070
4294967294,1065
4294967294,422
4294967294,190
4294967294,170
4294967278,235
4294967278,233
4294967278,366
4294967278,365
4294967278,361
4294967278,35
4294967278,360
4294967278,32
4294967278,30
4294967278,29
4294967278,27
4294967279,252
4294967279,123
4294967279,251
4294967279,122
4294967279,429
4294967279,120
4294967279,428
4294967279,113
4294967279,112
4294967279,426
4294967279,419
4294967279,418
4294967279,16
4294967278,190
4294967278,189
4294967278,395
4294967279,425
4294967278,303
4294967279,423
4294967278,394
4294967278,339
4294967278,181
106,6
106,5
4294967278,180
106,4
106,2
106,1
4294967278,179
4294967279,421
4294967278,367
4294967279,305
4294967278,175
4294967294,441
4294967278,173
4294967278,172
4294967278,168
4294967278,166
4294967278,165
4294967278,334
4294967278,164
4294967279,165
4294967278,363
4294967278,161
4294967278,160
4294967294,1076
4294967278,159
4294967278,158
103,6
4294967278,155
103,5
103,4
103,3
103,2
103,1
4294967278,31
4294967294,477
4294967278,362
4294967278,149
4294967278,393
4294967278,146
4294967278,145
4294967278,144
4294967278,140
4294967278,139
4294967279,136
4294967278,136
100,7
4294967278,22
4294967279,134
4294967279,19
4294967279,274
4294967279,271
100,6
100,5
4294967279,270
100,4
100,2
100,1
4294967279,269
4294967279,11
4294967279,286
4294967279,416
4294967279,263
4294967279,284
4294967278,357
4294967279,259
4294967279,258
4294967278,356
4294967279,414
4294967278,321
4294967278,355
4294967294,1427
4294967279,413
4294967278,354
4294967278,318
4294967279,411
4294967279,384
4294967279,409
4294967279,408
97,7
4294967278,252
4294967278,314
4294967278,248
4294967278,246
4294967278,237
97,6
97,5
97,4
4294967278,238
97,2
97,1
4294967278,230
4294967279,231
4294967278,229
4294967278,226
4294967278,218
4294967278,214
4294967278,213
